13
0.3333333333333333 0.3333333333333333 -0.0747850222338350
0.4793080678419230 0.2603459660790380 0.0878076287166020
0.2603459660790380 0.4793080678419230 0.0878076287166020
0.2603459660790380 0.2603459660790380 0.0878076287166020
0.8697397941955680 0.0651301029022160 0.0266736178044195
0.0651301029022160 0.8697397941955680 0.0266736178044195
0.0651301029022160 0.0651301029022160 0.0266736178044195
0.6384441885698090 0.3128654960048750 0.0385568804451285
0.6384441885698090 0.0486903154253160 0.0385568804451285
0.3128654960048750 0.6384441885698090 0.0385568804451285
0.3128654960048750 0.0486903154253160 0.0385568804451285
0.0486903154253160 0.6384441885698090 0.0385568804451285
0.0486903154253160 0.3128654960048750 0.0385568804451285
